Input: (0.0, 1.0)
MultByArray: (-128.0, 128.0)
Correct_Encoding: (-128.0, 128.0)
Sum: (-4096.0, 4096.0)
Correct_Encoding: (-4096.0, 4096.0)
Pbs: (-5.636363636363634, 5.630859374999998)
