Input: (0.0, 1.0)
Input: (0.0, 1.0)
MultByArray: (-128.0, 128.0)
Correct_Encoding: (-128.0, 128.0)
Pbs: (-0.17613636363636356, 0.17596435546874994)
Add: (-0.17613636363636356, 1.17596435546875)
Sub: (-0.17596435546874994, 1.1761363636363635)
Correct_Encoding: (-0.17613636363636356, 1.17596435546875)
Correct_Encoding: (-0.17596435546874994, 1.1761363636363635)
Keyswitch: (-0.17613636363636356, 1.17596435546875)
Keyswitch: (-0.17596435546874994, 1.1761363636363635)
Pbs: (4.794591216343631e-09, 0.34533496127502367)
Pbs: (2.410165292158947e-08, 0.3454360496283445)
Sub: (-0.3454360448337533, 0.34533493717337077)
Correct_Encoding: (-0.3454360448337533, 0.34533493717337077)
Sum: (-11.053953434680105, 11.050717989547865)
Correct_Encoding: (-11.053953434680105, 11.050717989547865)
