Input: (0.0, 1.0)
Sum: (0.0, 32.0)
Correct_Encoding: (0.0, 32.0)
Pbs: (0.0, 0.99951171875)
Broadcast: (0.0, 0.99951171875)
Sub: (-0.99951171875, 1.0)
Correct_Encoding: (-0.99951171875, 1.0)
MultByArray: (-128.0, 128.0)
Correct_Encoding: (-128.0, 128.0)
Sum: (-4096.0, 4096.0)
Correct_Encoding: (-4096.0, 4096.0)
Keyswitch: (-4096.0, 4096.0)
Pbs: (-5.636363636363636, 5.630859375)
